-------------------------------Hritik---------------------------------
[-0.10618246  0.1085083   0.06544636  0.01166158 -0.01313989 -0.01703959
 -0.0453334  -0.08143274  0.19791205 -0.02348117  0.19736312  0.01031328
 -0.17144357 -0.08338337 -0.03711523  0.09110584 -0.15089116 -0.15967919
 -0.00185719 -0.02412292  0.01836946  0.02235398  0.02495099  0.00597575
 -0.20357993 -0.32187113 -0.0756446  -0.16547143 -0.09076167 -0.0270135
  0.016489    0.12324864 -0.2030341  -0.04419753  0.03400983  0.07137738
  0.02281907  0.05332728  0.12120123  0.03634405 -0.10545002 -0.02975085
  0.08789369  0.27537403  0.08576427  0.08445121  0.00661592 -0.01276143
  0.04037091 -0.17999315  0.03928215  0.1051399   0.1131926   0.04623652
  0.10771301 -0.16319913  0.04718819 -0.03649258 -0.15778542  0.08503953
  0.0303978  -0.00477649 -0.05165251 -0.00202403  0.20369722  0.06445485
 -0.0639126  -0.11904714  0.07001734 -0.12192209 -0.05967345  0.08519997
 -0.07928877 -0.19670734 -0.25290799  0.02853911  0.37190735  0.12281971
 -0.18738149  0.04053217 -0.0425107  -0.09401368  0.01768586  0.01398297
 -0.09539272  0.09935886 -0.15346694  0.00813587  0.20642217  0.01384895
 -0.01903279  0.20197357 -0.03822158  0.02207102 -0.0053876  -0.03076305
 -0.08768738  0.05059675 -0.16458914 -0.06315995  0.03893616 -0.00527544
 -0.05549861  0.06184507 -0.1718905   0.04796335  0.01320301 -0.06386641
 -0.07853372  0.07668768 -0.18706778 -0.05873378  0.13417599 -0.22096865
  0.12551925  0.12809798  0.04568769  0.12004777  0.09443953  0.01002969
 -0.00460356  0.01039982 -0.11963568 -0.09660411  0.05978713 -0.04510914
  0.03897527  0.02781659]



  -----------------------------------Goel---------------------------------
  [-1.76398322e-01  3.04756612e-02  4.38081473e-02 -4.88865823e-02
 -3.04669663e-02 -3.35613377e-02 -6.21114299e-02 -1.23762354e-01
  1.52955517e-01 -1.56806678e-01  2.93689907e-01 -6.62275776e-02
 -1.22484304e-01 -1.56230912e-01  6.24948740e-03  1.37293667e-01
 -1.71139508e-01 -1.14582106e-01 -2.56823376e-03 -4.04638350e-02
  5.69838546e-02 -7.71965533e-02  1.43985320e-02  9.35518593e-02
 -1.55556619e-01 -4.41341877e-01 -8.85877758e-02 -1.21240333e-01
  2.07892675e-02 -9.95704681e-02 -3.09999697e-02  8.25003088e-02
 -1.74537778e-01  2.85339952e-02 -5.49925044e-02  1.23097345e-01
  3.88533622e-03 -2.12781951e-02  1.58302516e-01 -6.23884276e-02
 -1.91799223e-01 -5.70735484e-02  2.32458115e-05  2.37848163e-01
  2.05626398e-01  1.50728226e-02  6.61484431e-03 -4.66453433e-02
  1.15742140e-01 -1.72996417e-01  5.90141863e-02  9.21707973e-02
  8.08709338e-02  1.96475908e-02  3.50184031e-02 -6.81802779e-02
  1.73482001e-02  2.79190950e-02 -1.40112489e-01  4.82434966e-03
  2.36310586e-02 -1.06858455e-01 -2.27599777e-02 -8.00248235e-03
  2.32699335e-01  1.24200270e-01 -9.56802294e-02 -1.24015480e-01
  1.33928284e-01 -1.57217637e-01  6.21252507e-03  6.78212270e-02
 -1.37502879e-01 -2.10975960e-01 -2.91521102e-01  5.23466915e-02
  4.06381905e-01  1.17199093e-01 -1.86232299e-01  1.19204707e-02
 -7.53131062e-02 -5.43149710e-02  1.63369372e-01  9.64313075e-02
 -3.16099152e-02 -4.29512486e-02 -1.34724572e-01  5.76420128e-02
  2.28361368e-01 -1.59825161e-02 -4.55895811e-02  1.84249401e-01
 -3.73338275e-02  4.83550727e-02  8.60704016e-03  2.80982032e-02
 -6.93827718e-02  6.97675496e-02 -8.15286785e-02 -7.11239874e-04
  6.67964295e-02 -2.72769341e-03 -2.22674087e-02  1.02519318e-01
 -1.61411151e-01  1.40549451e-01  2.03299597e-02  2.17577741e-02
  7.10389763e-02  4.00809348e-02 -1.46392435e-01 -1.16105437e-01
  9.74615589e-02 -2.11342961e-01  1.36802182e-01  1.58175290e-01
  1.10180080e-01  1.67618275e-01  6.92702383e-02  6.78672418e-02
  5.58793545e-06 -3.52804661e-02 -1.72432795e-01  3.65256295e-02
  7.52455741e-02 -1.31400898e-02  5.15476614e-02 -8.17705691e-03]





  ------------------------------- Nehal -----------------------------
[-1.43284947e-01  1.32204875e-01  3.58683877e-02  1.02115842e-02
 -1.62929520e-02 -1.15740135e-01 -5.29982001e-02 -8.95782560e-02
  1.62670195e-01 -6.18547127e-02  2.37529144e-01 -2.92547066e-02
 -1.46303684e-01 -1.26397327e-01 -1.63806006e-02  6.10809512e-02
 -1.18550271e-01 -2.04819068e-01  2.15901230e-02 -7.94674009e-02
  6.60119951e-02 -5.31567261e-02  8.77749547e-03  1.07245885e-01
 -2.03116253e-01 -3.55905324e-01 -4.10486832e-02 -1.67641073e-01
  7.76446983e-02 -7.98535645e-02 -3.03183682e-02  1.09793074e-01
 -1.74195454e-01 -3.75850499e-02  7.01575726e-03  1.41964540e-01
  6.54737428e-02  5.08165881e-02  2.04445362e-01  1.34276068e-02
 -1.93743542e-01  1.98810697e-02  4.99838442e-02  3.75282884e-01
  1.55024782e-01  6.80855960e-02  5.89376949e-02 -1.10743940e-03
  1.58685729e-01 -2.13747621e-01  1.22234017e-01  1.12758189e-01
  2.04115495e-01 -4.64528799e-04  1.23509750e-01 -1.97588980e-01
 -1.11175179e-02  2.42292192e-02 -1.93580955e-01  1.36507824e-01
  2.04258710e-02 -3.79654132e-02 -2.75354385e-02 -3.00531536e-02
  3.25413734e-01  1.22675911e-01 -1.43072397e-01 -4.24598977e-02
  1.79041818e-01 -1.53981537e-01 -5.83651476e-02  9.92332697e-02
 -8.30649734e-02 -1.14865169e-01 -3.15643638e-01  9.13354754e-02
  4.61676002e-01  1.18139997e-01 -2.03850180e-01  8.76285061e-02
 -5.79119846e-02 -3.20748165e-02  3.69755328e-02  1.19768642e-01
 -1.70079902e-01  6.98520988e-02 -1.43775776e-01 -9.16302204e-03
  2.05063716e-01  7.78263211e-02 -7.94942006e-02  1.55338421e-01
 -2.06185579e-02  1.03385419e-01  2.38577910e-02  2.14083493e-02
 -1.61572784e-01 -5.80454953e-02 -1.18048318e-01 -7.50091821e-02
  3.36590707e-02 -6.13625571e-02 -4.72438037e-02  1.26870006e-01
 -2.18340963e-01  9.24626067e-02 -3.71061265e-03  7.41206110e-04
 -2.73687243e-02  1.76395684e-01 -6.68625459e-02 -6.93199784e-02
  4.21006456e-02 -2.93744892e-01  1.80794090e-01  1.23686031e-01
  8.86219144e-02  1.50026426e-01  9.24074203e-02 -1.83970109e-02
  5.91031313e-02 -1.26257539e-04 -9.66527909e-02 -9.93685424e-02
  4.29743826e-02 -7.19229132e-02  7.91222751e-02  6.38165101e-02]


  

 ----------------------------------- RDJ ---------------------------------

[-0.12120254  0.0489947   0.12644599  0.0241238  -0.021701   -0.07252139
 -0.07190901 -0.06988389  0.0781292  -0.12229038  0.26336041  0.07048593
 -0.13857158  0.02846171 -0.03287832  0.09342103 -0.16149263 -0.06033868
 -0.11365345  0.00477295  0.00803695  0.0574499   0.07919097  0.01030175
 -0.17732218 -0.3334794  -0.15722539 -0.07789633  0.08988893 -0.08684535
 -0.01030332 -0.03093082 -0.11826696 -0.00087325  0.03397804  0.05257189
 -0.05708347 -0.04679891  0.22786684  0.10715377 -0.18980062  0.0953556
  0.0478915   0.37608564  0.18881121  0.06904392  0.05179006 -0.0798873
  0.08590039 -0.23019707  0.13213678  0.08019284  0.11253095  0.0620228
  0.22384195 -0.16778901  0.05051774  0.13448431 -0.12480392  0.13750042
  0.01555257  0.07765152  0.11250145 -0.0033448   0.16314885  0.07079341
 -0.10679837 -0.0903095   0.11261638 -0.15548825 -0.02529282  0.09594358
 -0.07757823 -0.2022163  -0.24869469 -0.00540364  0.39186513  0.17849676
 -0.212813    0.01175193 -0.02788862 -0.14638138  0.10753194  0.08709647
 -0.10277675  0.0031122  -0.11322193 -0.01598397  0.23024598  0.06045262
  0.00405566  0.23960623  0.01862789 -0.0754316   0.0699067   0.00689378
 -0.2344366  -0.02235828 -0.15520842 -0.10969516 -0.0184952  -0.09696893
 -0.03837765  0.11438239 -0.23431802  0.19737142 -0.00492883 -0.06015974
  0.0025235   0.10038131 -0.14958319 -0.0066644   0.13619639 -0.24868822
  0.1601519   0.20367217  0.03725562  0.09692777  0.11051227  0.02294049
 -0.03868825  0.08824699 -0.12324078 -0.07225818 -0.04073037 -0.08833115
  0.06976809  0.01760674]





  --------------------------------- SCARLET JOHANSON --------------------------

  [-0.1046284   0.0612395   0.07037847 -0.13032064 -0.07666484 -0.04016847
  0.00878736 -0.09713211  0.31251976 -0.15160394  0.1565114   0.00236788
 -0.26721573  0.02363864 -0.02811996  0.176634   -0.12961338 -0.06471338
 -0.07371701 -0.06865375  0.17605227  0.09118281  0.04206794  0.12487081
 -0.14224604 -0.26352564 -0.08434927 -0.0527974  -0.13958392 -0.16210037
  0.04474984  0.13220045 -0.11635556 -0.03250201 -0.03867842  0.08606862
 -0.04453009 -0.18473434  0.1502887   0.0695895  -0.22986636 -0.00270896
 -0.00294936  0.24100621  0.19291639 -0.01531924  0.0252118  -0.12529197
  0.1627938  -0.3569445  -0.05656791  0.10843521 -0.10848215  0.0679526
  0.06824522 -0.20972054  0.09123415  0.05457865 -0.26868206  0.02069193
  0.05711385 -0.21087581 -0.01773006 -0.06916008  0.22200032  0.16663229
 -0.14348389 -0.18129657  0.11381853 -0.19299242 -0.0881483   0.12934572
 -0.14727238 -0.20778653 -0.25863326 -0.00664647  0.3817057   0.13784403
 -0.09176082  0.10945396 -0.16069272  0.00582986 -0.02322182  0.20804602
  0.06139767  0.05219943 -0.07330069  0.02407625  0.19459231 -0.01753911
 -0.04422967  0.42673188  0.0287074   0.00496358  0.0097936   0.06254359
 -0.14733438  0.02239853 -0.05262972 -0.02055804  0.0594186  -0.08129773
  0.02775417  0.09462415 -0.26098424  0.2549631  -0.10462119  0.02763042
 -0.0046206  -0.11066668 -0.07906985  0.05593403  0.15154374 -0.32192034
  0.13678667  0.1673497   0.11195023  0.1828482   0.0024894   0.102494
 -0.00598422 -0.01736073 -0.19310272  0.00734669  0.05097362 -0.00888495
  0.01210488  0.05877609]




---------------------------------- CHRIS HEMSWORTH ---------------------------

[-1.11228295e-01  1.71136633e-01  6.59121349e-02 -8.89793783e-02
 -1.59166366e-01 -7.47122318e-02 -1.04799829e-01 -8.76968354e-02
  1.23121694e-01  1.17746726e-01  2.84559816e-01 -4.37090322e-02
 -2.70327002e-01  9.29193199e-03 -7.83646703e-02  9.35609192e-02
 -2.12993920e-01 -1.81178078e-02 -1.88021697e-02 -6.37797937e-02
  2.92756371e-02  7.08947517e-03  5.99678680e-02  1.43736273e-01
 -2.54245549e-02 -3.05543035e-01 -5.87934628e-02 -1.06202252e-01
  1.65945023e-01 -1.72633827e-01 -3.27132642e-04  7.13219345e-02
 -2.71909833e-01 -1.71691149e-01  4.80383113e-02  6.18589744e-02
 -1.12506174e-01 -1.38116553e-01  2.58765638e-01  1.04938168e-03
 -4.66981269e-02  7.04616308e-03  3.01737040e-02  2.88074523e-01
  1.36872202e-01  8.25973675e-02  2.61706393e-02 -6.04962409e-02
  1.29175842e-01 -2.07258195e-01  8.37769359e-02  2.42040038e-01
  1.49300337e-01  5.85290790e-02 -1.57819316e-02 -2.14875445e-01
  1.07858539e-01  1.32897526e-01 -2.99117982e-01  1.47852883e-01
  1.33436516e-01 -6.54225945e-02 -1.11766281e-02 -5.55911586e-02
  2.26800531e-01  9.13668424e-02 -8.93828869e-02 -1.47471264e-01
  1.09329231e-01 -8.42789412e-02 -1.34477839e-02  1.10163279e-01
 -1.37169868e-01 -1.92506507e-01 -2.09052324e-01  6.07197136e-02
  3.17839026e-01  9.86487642e-02 -2.06588119e-01 -1.34630948e-02
 -1.13585569e-01 -9.44302380e-02  2.47961581e-02  9.71615314e-04
 -7.11422116e-02 -1.09779790e-01 -1.27897486e-01 -4.76613641e-03
  1.87929109e-01 -5.23446500e-03 -3.52023840e-02  2.68050194e-01
  3.56146917e-02  9.12619382e-03  2.76043024e-02  4.33188751e-02
 -1.36382341e-01  7.83009082e-03 -1.10965163e-01  2.47610956e-02
 -1.17418766e-02 -1.19039103e-01 -7.06524253e-02  5.53942770e-02
 -1.97190881e-01  9.50693190e-02  4.32015732e-02 -2.06364598e-02
 -6.23219982e-02 -8.65902454e-02 -2.19714567e-01 -7.29952604e-02
  2.34399304e-01 -3.08158517e-01  3.58461618e-01  1.86180755e-01
  1.15729809e-01  1.08691454e-01  7.28486180e-02  3.00770327e-02
  6.89318031e-02 -7.30008781e-02 -7.06369206e-02 -1.09791242e-01
  9.23335701e-02 -8.66197497e-02  1.81650072e-02  7.31275231e-03]




---------------------------------- JOHNNY DEPP ----------------------------

[-0.17128152  0.20968495  0.04411834 -0.00837194 -0.11064645 -0.07389559
 -0.04983759 -0.13334028  0.11681929 -0.04189255  0.26106018  0.01145297
 -0.22496125 -0.03115313  0.05982692  0.04317471 -0.09957479 -0.17497742
 -0.10445408 -0.03379106 -0.01510555  0.02702118 -0.00135574  0.09291564
 -0.12484868 -0.30014259 -0.0717133  -0.07871766 -0.05433367 -0.08038008
 -0.04164414 -0.06804308 -0.15031774 -0.08834808  0.08626969  0.06603272
 -0.09811644 -0.07449792  0.21386001 -0.05545559 -0.16324237  0.02008057
  0.09981196  0.29382715  0.1821695   0.03050594  0.01935906 -0.0623561
  0.09277011 -0.20708895  0.13560548  0.18237379  0.17175563  0.03206235
  0.09621713 -0.22971731 -0.00480577  0.13008144 -0.1819576   0.05978613
  0.04193278 -0.07422267 -0.04234755  0.00473203  0.24114293  0.19376355
 -0.13708414 -0.13711683  0.08434428 -0.11608796 -0.05603567  0.10276658
 -0.12708357 -0.22548331 -0.20029451  0.05873048  0.4650214   0.07890451
 -0.23839524 -0.02534245 -0.11763462 -0.05335845  0.01297538  0.03529146
 -0.10377887 -0.10973804 -0.19650882  0.03761394  0.22594666  0.02464518
 -0.08194565  0.15862808  0.02741989 -0.06040934  0.07479329  0.09853084
 -0.15163748 -0.02942239 -0.08281416 -0.07068305  0.05688424 -0.11180975
 -0.07386065  0.11495474 -0.23579094  0.13191244  0.04350475 -0.01630581
 -0.02835946 -0.00164296 -0.06075304 -0.04037711  0.10468593 -0.28837201
  0.23779978  0.08663343 -0.00671268  0.20306167  0.00493094  0.01678351
  0.03464311 -0.0160946  -0.09695913 -0.13446185 -0.01542754  0.04490373
  0.13890196  0.05237451]



  ------------------------------------ DCAPRIO --------------------------------

  [-0.08875644  0.09581102  0.10110675 -0.00957878 -0.19400842 -0.03272304
  0.05229748 -0.07255428  0.10981245  0.0456423   0.22579496 -0.0707372
 -0.24152732 -0.07138259 -0.04401412  0.0783676  -0.10862957 -0.13960046
 -0.01893037 -0.03000809  0.05636754  0.0260611   0.01624162  0.08227041
 -0.0822094  -0.35867172 -0.07770983 -0.05283559  0.02932667 -0.1138742
  0.04360197  0.15893859 -0.20221813 -0.12654942  0.04919926  0.10602246
 -0.06735271 -0.13945732  0.20086908 -0.00283819 -0.11767524  0.02147964
 -0.01831294  0.36770016  0.09519856  0.03220969  0.06694039 -0.09382866
  0.14553586 -0.23227285  0.01863422  0.21899992  0.09929284  0.00214911
  0.04137575 -0.07010658  0.11171272  0.11318088 -0.21555233  0.06102794
  0.09136729 -0.12036527  0.02103046 -0.16293712  0.20336016  0.01888218
 -0.04837744 -0.11382219  0.10989957 -0.04872652 -0.12902601  0.11062334
 -0.16784349 -0.15306562 -0.29056379  0.08260952  0.52016681  0.11115132
 -0.19344854  0.00953002 -0.13307776  0.04435962  0.08104838  0.02635227
 -0.07958709 -0.08457835 -0.21260014  0.06419408  0.24357842 -0.0461881
 -0.12311083  0.12105812  0.04805556  0.01822332  0.04226915  0.01540031
 -0.05819454  0.08888266 -0.10406751  0.02312522  0.11249247 -0.09384482
 -0.02103372  0.11328004 -0.2172825   0.12505974  0.01326215 -0.03804167
  0.00076976 -0.10253783 -0.18538031  0.06430098  0.15383926 -0.35526162
  0.25461125  0.13999392  0.03110545  0.13725263  0.02851875  0.03722204
 -0.05966324 -0.09986589 -0.10196026 -0.14478914  0.14621384  0.04915201
  0.08225894 -0.00149731]




------------------------------------ GAL GADOT --------------------------------

[-0.13329038  0.08877225  0.18933675  0.00502905 -0.18913177 -0.05388027
 -0.05330328 -0.04464279  0.16401534 -0.0744281   0.18745698 -0.06174145
 -0.23744562  0.06941701 -0.07097022  0.21667641 -0.14747548 -0.12471793
 -0.01288074 -0.07857316  0.13090862  0.01037459 -0.02574118  0.0778988
 -0.19635861 -0.36592436 -0.02395797 -0.00782315 -0.05387223 -0.0664099
  0.0073059   0.09337161 -0.19683084 -0.00867647 -0.0115267   0.24106139
 -0.09092212 -0.15781939  0.12652293  0.09161931 -0.30352095 -0.01395576
  0.06016165  0.25956249  0.18986887  0.02279364  0.09012099 -0.09316784
  0.14147547 -0.29142225  0.0075095   0.17582162  0.01272548  0.09691873
  0.06626473 -0.19846267  0.04320726  0.08643609 -0.24045846 -0.01875152
  0.1138815  -0.11424673  0.06094324 -0.16767663  0.21694343  0.12980981
 -0.09951222 -0.09856408  0.23123389 -0.18253936 -0.0791191   0.09717654
 -0.07371126 -0.22400178 -0.31485808  0.03407024  0.47495201  0.17126864
 -0.11088036  0.03582111 -0.04632648 -0.04065624  0.02707318  0.21801122
  0.06803691  0.12032908 -0.10680831  0.00456227  0.22589229 -0.02198969
  0.02508569  0.25829893  0.06923211 -0.0204937   0.05635639  0.06493154
 -0.19532077  0.04411428 -0.15943205 -0.05841938 -0.10809439 -0.09615461
  0.00547244  0.00402593 -0.17883568  0.21230641 -0.01183353 -0.0365335
 -0.12226786 -0.04310367 -0.09839229  0.00831917  0.15816753 -0.29252106
  0.13352953  0.16585368  0.06080892  0.23137504  0.09314378  0.14363922
 -0.0160176  -0.10334043 -0.11917126 -0.05946733 -0.03051657 -0.06429099
  0.0419957   0.09621826]




------------------------------------ JOEY -----------------------------------

[-1.34047225e-01, 2.73626223e-02,-5.90066612e-02,-6.94733113e-02,-2.99629048e-02,-8.67635757e-02,-2.56622583e-02,-1.36310041e-01, 2.00906664e-01,-1.05366096e-01, 9.58007351e-02,-2.06808001e-02,-1.10166773e-01,-6.17588647e-02,-3.56815122e-02, 2.96225343e-02,-2.32894033e-01,-9.82601643e-02,-6.49710968e-02,-1.29643887e-01, 7.34720007e-02, 4.46022116e-02, 3.88763957e-02,-2.69055888e-02,-1.80813223e-01,-2.97680229e-01,-1.63503304e-01,-1.05220273e-01, 1.33406445e-01,-7.04148412e-03, 8.97188187e-02, 9.39055979e-02,-2.44264603e-01,-7.78914690e-02, 4.06674929e-02, 2.06298307e-02,-1.02725774e-02, 1.37315616e-02, 1.86565250e-01, 6.98457286e-02,-1.41298741e-01, 6.21966571e-02, 1.92248747e-02, 2.73835003e-01, 1.83060765e-01, 1.16465554e-01,-4.31798846e-02,-7.76230842e-02, 1.49458945e-01,-1.85735881e-01, 4.42211702e-03, 2.11687118e-01, 6.24787211e-02,-8.86714458e-03, 1.28827304e-01,-8.53200629e-02, 8.43708515e-02, 8.27330165e-03,-2.57702231e-01, 3.15663256e-02, 7.77985752e-02,-1.96379982e-02,-1.86603554e-02, 1.37249380e-02, 1.03646502e-01, 7.53482804e-02,-7.41524845e-02,-1.09731078e-01, 1.83601320e-01,-1.88254774e-01, 4.10578474e-02, 6.18146919e-02,-7.79971108e-02,-1.95329487e-01,-2.57229209e-01, 1.44616514e-02, 4.12097991e-01, 1.37799874e-01,-2.84686536e-02, 1.09585017e-01,-2.75788140e-02,-4.61334810e-02, 1.20709345e-01, 6.33244663e-02,-1.75001979e-01,-3.93895060e-03,-9.36258584e-04, 6.87371939e-02, 1.25410348e-01, 2.48210132e-02,-6.71364218e-02, 1.91170335e-01,-2.57447567e-02, 1.77664459e-02, 2.62971520e-02, 1.55421272e-02,-1.36669636e-01,-1.74322650e-02,-7.48135224e-02, 2.86662281e-02, 9.21300277e-02,-6.06912896e-02, 3.73618975e-02, 1.50938526e-01,-1.16316415e-01, 1.32996723e-01,-4.06855568e-02,-6.79583251e-02,-8.17700401e-02, 8.33792984e-03,-9.18509290e-02,-2.43689120e-03, 5.36023155e-02,-2.57347763e-01, 1.92395911e-01, 1.69584334e-01,-9.33070779e-02, 1.38868496e-01, 5.77463284e-02, 8.97225738e-03,-1.12085044e-02, 6.28070757e-02,-1.37652263e-01,-1.37404576e-01,-3.49458307e-04,-1.38864592e-02, 3.83901745e-02,-3.56754363e-02]

https://i.ibb.co/gM0V4Wd/joey.jpg


 ------------------------------------ CHANDLER -----------------------------------

 [-0.19736519, 0.14034303, 0.04847404,-0.00961555,-0.13446239, 0.00761161, 0.02226514,-0.22106519, 0.12417727, 0.00737249, 0.11857488,-0.03500339,-0.20330688,-0.01036463, 0.01769331, 0.1169598 ,-0.16278917,-0.17132841,-0.11916605,-0.08714565, 0.01784201,-0.03179398, 0.00047295, 0.07888065,-0.15624383,-0.31509465,-0.11433236,-0.07127053, 0.10022657,-0.01733145, 0.00279709, 0.06959182,-0.20880841,-0.10702816, 0.04356347, 0.01873628,-0.07805827,-0.08394642, 0.17869207,-0.05242359,-0.17004892,-0.00510637, 0.0894798 , 0.28734809, 0.15870616, 0.03569386, 0.0418601 ,-0.08764136, 0.1210295 ,-0.18658797, 0.06739127, 0.13171379, 0.05455709, 0.06509861, 0.0829016 ,-0.18574335, 0.07379797, 0.09503454,-0.19363484, 0.13156667, 0.10264606,-0.16920476,-0.05424559,-0.06218863, 0.13038166, 0.11461569,-0.03517643,-0.1823601 , 0.15547948,-0.09980012,-0.04300278, 0.03244915,-0.11818465,-0.15648562,-0.41973621, 0.01793373, 0.43091291, 0.11617047,-0.22722147,-0.04559796,-0.02584145, 0.05210824, 0.15233715, 0.05327307,-0.1545049 ,-0.10645142,-0.16428046,-0.00660673, 0.20909363, 0.02689499,-0.09334625, 0.18111821, 0.06206754,-0.08414897, 0.07160057, 0.16369165,-0.16409343,-0.05334591,-0.17654079,-0.03833934, 0.09634552,-0.04971816,-0.00845724, 0.1939013 ,-0.1808461 , 0.14899839, 0.02729519,-0.0065578 ,-0.07034955,-0.04279588,-0.17871845,-0.0281882 , 0.13062194,-0.21522416, 0.15131953, 0.20831113,-0.00772593, 0.11280052, 0.06267581, 0.02168257,-0.06004893, 0.03976113,-0.11537859,-0.10254619, 0.11797887,-0.0038591 , 0.00243679, 0.06656252]

 https://i.ibb.co/bgMgc7z/chandler.jpg




------------------------------------ ROSS ----------------------------------

[ 0.0469254 , 0.12170564, 0.1112132 , 0.04319708,-0.09185342, 0.12883289,-0.1339708 , 0.01159295, 0.16881666,-0.0444109 , 0.16235374,-0.05348   ,-0.18245265,-0.01341996,-0.00628196, 0.1510013 ,-0.12132815,-0.02831203,-0.14965838, 0.00478046,-0.07320806, 0.10404779,-0.00103404, 0.00406077,-0.14928964,-0.4242363 ,-0.05754707,-0.08129432, 0.03469827,-0.14907426,-0.12636757,-0.00798333,-0.14115632,-0.07111749, 0.0801881 , 0.01280114,-0.02406932,-0.03586391, 0.1285263 , 0.03449854,-0.16601244, 0.01955511, 0.03802869, 0.23926255, 0.15890941, 0.04927187, 0.0809721 ,-0.0557545 , 0.12200404,-0.23720565, 0.0809061 , 0.14143586, 0.06838497, 0.1010654 , 0.14334059,-0.13675514,-0.07342976, 0.23852751,-0.10989837, 0.14058882, 0.03524391, 0.04223263, 0.0192916 ,-0.0042319 , 0.16122268, 0.06865556,-0.09833456,-0.16993454, 0.05663522,-0.11784418, 0.0661004 , 0.04524306,-0.06264576,-0.21428701,-0.28349781, 0.05724114, 0.38141561, 0.14677456,-0.26973522,-0.06364308,-0.05358022,-0.07345179, 0.05356311, 0.0525305 ,-0.04815198, 0.00998733,-0.04048365, 0.05113807, 0.22090346, 0.00310814, 0.08995584, 0.20952323,-0.02424496,-0.07216582,-0.01109551, 0.06262387,-0.17844315,-0.02875185,-0.09867545,-0.02189982, 0.02831931,-0.05762139, 0.01542057, 0.10691491,-0.22269437, 0.18944554,-0.02843067,-0.0713718 , 0.03874332, 0.04223643,-0.07949925,-0.049196  , 0.26035303,-0.24129674, 0.10941195, 0.1421915 , 0.00606898, 0.14093471,-0.00772253, 0.11233093,-0.00797897, 0.01093635,-0.07501969,-0.09748598,-0.0212718 ,-0.06247747,-0.02869542,-0.03191793]

https://i.ibb.co/JC3KPMR/ross.jpg




------------------------------------ RACHEL -----------------------------------

[-0.11532693, 0.13029897, 0.10194575,-0.10869844,-0.09552862, 0.0540849 , 0.01075049,-0.08321054, 0.22499004,-0.05992059, 0.25843066, 0.00243896,-0.24542959,-0.0009557 , 0.04743994, 0.1590067 ,-0.11394559,-0.07842413,-0.13212946,-0.04131117,-0.03136754, 0.03941954, 0.03807974, 0.1008381 ,-0.21641977,-0.30386105,-0.03910349,-0.07132162, 0.03399333,-0.13067052, 0.05652403, 0.05907359,-0.17836852, 0.00993212, 0.06301778, 0.10410081,-0.06413859,-0.08186145, 0.16381872,-0.07040922,-0.24901626,-0.02553162, 0.13053711, 0.2452397 , 0.23991828, 0.01730311, 0.05330871,-0.10029626, 0.10675208,-0.38227636, 0.08872603, 0.0865002 ,-0.04229877, 0.07110952, 0.11768709,-0.1638885 ,-0.01927158, 0.12808867,-0.17770241, 0.08538994, 0.13535988,-0.06936969,-0.06995124,-0.06700514, 0.26885408, 0.12749217,-0.22200817,-0.19174105, 0.09837135,-0.22767833,-0.03516889, 0.14803945,-0.0663361 ,-0.19117588,-0.32380864, 0.06910123, 0.35467815, 0.19643362,-0.17027479, 0.06459808,-0.14072028, 0.03855284, 0.00083483, 0.1146746 , 0.03638388,-0.05909757,-0.07446395, 0.00823984, 0.27514777,-0.03236713, 0.0626312 , 0.34906989, 0.01801088,-0.08053834,-0.08463196, 0.10568613,-0.18078181,-0.05842684,-0.12022159,-0.03825931, 0.03361093, 0.06253323, 0.05947877, 0.15377524,-0.28546208, 0.26189584,-0.05588384,-0.00727434, 0.10958863,-0.01344912,-0.06815466,-0.07238893, 0.15858656,-0.34271923, 0.1834138 , 0.12775418, 0.07361569, 0.09735098, 0.09011773, 0.09389173, 0.08016976, 0.03190956,-0.10272035,-0.05233405, 0.01411974,-0.13314843,-0.01154788, 0.01811991]



--------------------------------------- MONICA -----------------------------

[-0.11960369, 0.0813943 , 0.14711204,-0.15019539,-0.15163666, 0.01197972,-0.03100275,-0.11641499, 0.2641311 ,-0.07444178, 0.20068756, 0.0301072 ,-0.29326883, 0.07023454,-0.00074483, 0.18058728,-0.21050711,-0.19353007,-0.02828979,-0.03614403,-0.05493925, 0.0435836 , 0.08285633, 0.04199155,-0.16975814,-0.39827704,-0.1210335 ,-0.03759081, 0.02588372,-0.01491155, 0.13465501, 0.1260981 ,-0.19509082, 0.04558907, 0.04669502, 0.11087839,-0.13239948,-0.16670631, 0.17648311, 0.02303051,-0.29035398,-0.06165531, 0.07527171, 0.23219958, 0.235892  ,-0.03349424, 0.10076874,-0.09078328, 0.11582858,-0.35287923, 0.09020817, 0.18334953, 0.01220758, 0.00666413, 0.17775853,-0.23092373, 0.03362873, 0.16906464,-0.15673092, 0.09296933, 0.13503861, 0.02230953, 0.03163287,-0.06781369, 0.20195265, 0.12767878,-0.17726512,-0.1651036 , 0.21288514,-0.1055702 ,-0.00726752, 0.17263831,-0.19708343,-0.2426753 ,-0.26784989,-0.01057231, 0.40257931, 0.06726585,-0.05979341, 0.03191932,-0.04921621, 0.03662523,-0.05618295, 0.13086411,-0.07264428,-0.07556237,-0.13712838, 0.01417932, 0.24629827, 0.01501247,-0.03131153, 0.31047541,-0.0409824 ,-0.03413869,-0.02380271, 0.13579531,-0.13819867,-0.00301603,-0.16835599,-0.04542451, 0.00675714,-0.01954635,-0.053213  , 0.16251154,-0.18291292, 0.18538894,-0.04193868, 0.04471355,-0.02353738,-0.04858793,-0.09928308, 0.01341441, 0.19008271,-0.27421552, 0.19033478, 0.14415988, 0.01782317, 0.08738223, 0.0753622 , 0.02436169, 0.01011982,-0.06371737,-0.16859426,-0.03160983,-0.0372496 ,-0.124783  ,-0.04680704, 0.06464312]




------------------------------------ PHOEBE ---------------------------------

[-0.04943711, 0.15941593, 0.11529226,-0.12893502,-0.16946468, 0.03125165,-0.08178402,-0.12169219, 0.18208396,-0.12416689, 0.20838876,-0.13999793,-0.21211277,-0.0253325 ,-0.01599357, 0.25921449,-0.18076605,-0.20770034,-0.08459915,-0.08363393,-0.07130647, 0.02748663,-0.02888851, 0.00521248,-0.13620974,-0.37461567,-0.06033561,-0.02785722,-0.07513066,-0.14616102, 0.03478203, 0.16383535,-0.13756704, 0.02665974, 0.07941136, 0.11478293,-0.01646416,-0.14576276, 0.09298953,-0.01902401,-0.25476941, 0.00188802, 0.17424451, 0.28170913, 0.19811065,-0.01550548,-0.03266908,-0.05736417, 0.18392555,-0.25852063, 0.00136019, 0.13394272, 0.07299183, 0.05312312, 0.09465647,-0.1489175 , 0.04661211, 0.09329681,-0.19344141, 0.0006419 , 0.08308519,-0.10566452,-0.03325161,-0.1331981 , 0.19073069, 0.14346546,-0.13889679,-0.17137536, 0.10006279,-0.11249413,-0.05639901, 0.01783341,-0.15641373,-0.18019283,-0.31188634,-0.07625259, 0.27098313, 0.07341228,-0.16342753, 0.02823542, 0.02643488,-0.03350375,-0.08322836, 0.19030121,-0.02237931,-0.00593013,-0.07255601, 0.03849684, 0.26411483,-0.09985921, 0.04215078, 0.30516553,-0.07398473,-0.03487118,-0.11002503, 0.05266184,-0.13317385, 0.03383191,-0.11174577,-0.02156308,-0.00308241,-0.0474382 ,-0.0620432 , 0.11731789,-0.29238439, 0.17162979,-0.00436415, 0.05792399,-0.03682838,-0.06619234, 0.00448358,-0.00811449, 0.19091138,-0.24772489, 0.12481764, 0.22250649, 0.07408062, 0.11078864, 0.06255765,-0.00796281, 0.06980575,-0.07594873,-0.15585755,-0.06054434,-0.02079654,-0.09836389,-0.10070745, 0.09513587]




------------------------------------ MR BEAN --------------------------------

[-1.34047225e-01  2.73626223e-02 -5.90066612e-02 -6.94733113e-02
 -2.99629048e-02 -8.67635757e-02 -2.56622583e-02 -1.36310041e-01
  2.00906664e-01 -1.05366096e-01  9.58007351e-02 -2.06808001e-02
 -1.10166773e-01 -6.17588647e-02 -3.56815122e-02  2.96225343e-02
 -2.32894033e-01 -9.82601643e-02 -6.49710968e-02 -1.29643887e-01
  7.34720007e-02  4.46022116e-02  3.88763957e-02 -2.69055888e-02
 -1.80813223e-01 -2.97680229e-01 -1.63503304e-01 -1.05220273e-01
  1.33406445e-01 -7.04148412e-03  8.97188187e-02  9.39055979e-02
 -2.44264603e-01 -7.78914690e-02  4.06674929e-02  2.06298307e-02
 -1.02725774e-02  1.37315616e-02  1.86565250e-01  6.98457286e-02
 -1.41298741e-01  6.21966571e-02  1.92248747e-02  2.73835003e-01
  1.83060765e-01  1.16465554e-01 -4.31798846e-02 -7.76230842e-02
  1.49458945e-01 -1.85735881e-01  4.42211702e-03  2.11687118e-01
  6.24787211e-02 -8.86714458e-03  1.28827304e-01 -8.53200629e-02
  8.43708515e-02  8.27330165e-03 -2.57702231e-01  3.15663256e-02
  7.77985752e-02 -1.96379982e-02 -1.86603554e-02  1.37249380e-02
  1.03646502e-01  7.53482804e-02 -7.41524845e-02 -1.09731078e-01
  1.83601320e-01 -1.88254774e-01  4.10578474e-02  6.18146919e-02
 -7.79971108e-02 -1.95329487e-01 -2.57229209e-01  1.44616514e-02
  4.12097991e-01  1.37799874e-01 -2.84686536e-02  1.09585017e-01
 -2.75788140e-02 -4.61334810e-02  1.20709345e-01  6.33244663e-02
 -1.75001979e-01 -3.93895060e-03 -9.36258584e-04  6.87371939e-02
  1.25410348e-01  2.48210132e-02 -6.71364218e-02  1.91170335e-01
 -2.57447567e-02  1.77664459e-02  2.62971520e-02  1.55421272e-02
 -1.36669636e-01 -1.74322650e-02 -7.48135224e-02  2.86662281e-02
  9.21300277e-02 -6.06912896e-02  3.73618975e-02  1.50938526e-01
 -1.16316415e-01  1.32996723e-01 -4.06855568e-02 -6.79583251e-02
 -8.17700401e-02  8.33792984e-03 -9.18509290e-02 -2.43689120e-03
  5.36023155e-02 -2.57347763e-01  1.92395911e-01  1.69584334e-01
 -9.33070779e-02  1.38868496e-01  5.77463284e-02  8.97225738e-03
 -1.12085044e-02  6.28070757e-02 -1.37652263e-01 -1.37404576e-01
 -3.49458307e-04 -1.38864592e-02  3.83901745e-02 -3.56754363e-02]